0 0.927161372133705 -0.254005839277025 0.028760800964117 -0.273908086708338
1 0.896113365618726 -0.199239769714024 0.351739503667198 -0.183203907392106
2 0.975708700144944 0.189036713911231 -0.110677493650522 -0.002854059275126
3 0.943533187562245 -0.263137966591682 0.018605766528320 -0.200393013746784
4 0.901472819025628 -0.320194288166740 0.054472891562498 0.286103265392413
5 0.896763813408932 -0.276946860620458 0.318833852636614 0.132136572400060
6 0.902549423333501 0.255655779176078 -0.296612759046569 0.179068512544836
7 0.876078750788843 0.316846368378187 -0.335424163143876 -0.139946532793937
8 0.913596188486865 0.346917030206022 0.210943355418972 0.022214394880163
9 0.964797150024804 -0.198860488860102 0.078936496535074 0.152937878856431
10 0.974903595568755 -0.033075196218028 -0.122252853515491 0.183093556821567
11 0.929238044925447 0.013077561464170 -0.096851677734035 0.356322025377867
12 0.872349447274043 -0.058236717948238 -0.335541311922791 -0.350751984337112
13 0.912163974221107 -0.209098597155265 -0.196750980722392 0.292444374857224
14 0.915927627212822 -0.243422754561430 0.155746719031270 0.278504764377579
15 0.963665017921810 -0.087239603192005 -0.224029608393347 0.116403262118307
16 0.976695762240087 0.171923053522182 -0.113475778940213 -0.060258603400486
17 0.865469091169809 0.298114669119378 0.239219108842776 0.323828834803228
18 0.958208451526707 0.022763388670723 0.278471740037853 0.061415645883666
19 0.991725701090733 -0.073027989334182 -0.104196644925641 0.017032491190111
20 0.898721446536725 -0.147073350637804 0.372216773437734 0.179231316010090
21 0.994909872968982 0.099346429994358 0.016083866507608 -0.005093206689901
22 0.928136557463445 -0.261066711813496 -0.247776041321519 0.094940697437043
23 0.898676099499382 0.269030469154582 -0.323240020830563 -0.124578343978798
24 0.996866057654921 -0.050373841139526 -0.033846496226320 0.050744003759932
25 0.945306034710335 -0.048354704283253 -0.177016755982843 -0.269672748744127
26 0.871593401383917 0.320301514066285 0.167399964481621 0.331223692755231
27 0.916612660634937 -0.350507929335020 0.177554867164679 0.073754260779646
28 0.905115123448652 0.221312372516468 0.150837644293675 0.330205166736679
29 0.929740806483519 0.317912328614503 -0.128313155157624 -0.134348495666214
30 0.948927965567442 -0.215636322105128 -0.106215926201959 0.204340083620587
31 0.951672461254062 -0.216007303249500 -0.011571441671845 0.218005672337095
32 0.964854705382303 0.202235605154067 -0.019829436499866 0.166622180269300
33 0.907052839596901 0.259218180608653 0.328587561117915 -0.045730686630737
34 0.883730837251582 -0.308219609314375 0.351785790168674 0.016347402243631
35 0.950905605837203 0.136830097179223 -0.028119753292743 -0.276161787306031
36 0.922081572811532 0.295798874866778 -0.186562646237888 -0.165719575601906
37 0.934401225447510 -0.022736839798954 -0.353142280703918 -0.040840122151910
38 0.923193639220958 -0.113645378529612 0.297806290406593 -0.214731566927381
39 0.895526906050214 -0.267669747220329 -0.334295996984345 0.120957237746978
40 0.980062785083078 0.103725754795421 -0.029614314398716 -0.166855918294840
41 0.949567884043229 0.299996389742840 0.051260724319393 -0.075467462374044
42 0.901638834118490 0.195370640136901 -0.147100428803906 -0.356706026901221
43 0.989125924367219 -0.007887598729869 0.119113752062021 0.085904630845365
44 0.955694252691501 -0.012814686322279 0.260646964930165 -0.136188982151968
45 0.933477960369197 0.218110134578156 -0.120350730235446 0.257997225626666
46 0.986291737243305 -0.008782705702976 -0.145966471451137 0.076454315366909
47 0.991244329856555 0.048343720537593 0.023865947521288 -0.120532069428531
48 0.948147062243319 -0.010090284919286 0.300940458582744 -0.101735809318149
49 0.915034038163594 0.332096468217639 -0.173199219210306 0.149755384759070
50 0.904184371365311 0.325454704590313 0.071203370076508 -0.267319916819711
51 0.909179106720425 0.116917355881918 0.305012661003899 -0.258245930120791
52 0.969541738013400 -0.086574907112392 0.123455470251362 0.193008680046913
53 0.872793153516700 -0.342935717467590 -0.100556450590909 0.332438874236937
54 0.971378047774902 0.206245889488469 -0.054222775887075 0.104628924993185
55 0.906427027158053 0.241367537126938 0.094931621180924 -0.333346282053140
56 0.985383294716030 0.016758853926747 0.105597231557670 -0.132620239771307
57 0.912451017389266 0.005754912937747 0.165432754378717 -0.374208532266493
58 0.959966025337240 0.085977950087861 -0.210794177184369 -0.163214083834930
59 0.966005446389077 -0.110758684838602 0.167173250827448 -0.163153594772677
60 0.951818805163442 0.027547743815616 -0.065406896871549 0.298335418261963
61 0.912932834370356 0.123007135304132 0.363950376700337 0.137706237667220
62 0.928557213992958 0.370856685873177 0.004190791599105 -0.015141207038165
63 0.915723985934088 -0.350764771130747 -0.142391958879427 0.134678086432277
64 0.976579758890325 0.016700914111647 0.083213884189250 -0.197708126974304
65 0.982441650609250 0.185056806992369 -0.023678277011550 0.001311690407760
66 0.890194093376379 0.330613625938397 0.112410134931965 0.292597108711366
67 0.929883444374054 0.170711499634184 0.011021824357169 -0.325657616461726
68 0.967602430082239 -0.031409531945902 0.115478987363716 -0.222314151774772
69 0.901077098729479 -0.310980614974456 0.255046369301347 -0.162180358741668
70 0.934860025226790 0.192173621082065 0.000681894045248 -0.298505557090120
71 0.869293921993452 0.356510636161689 0.299724251357076 0.165510170797056
72 0.953474792257921 0.145683701410935 0.227456977478909 -0.133885783666838
73 0.920414112612458 -0.345116922399337 -0.112419537929460 0.145237800414209
74 0.905618318612102 -0.234953291774547 -0.329240831895366 0.127486808303218
75 0.977817184283084 0.101577989877894 0.138345876898513 0.120066166917450
76 0.901708938353375 0.360113343428782 0.027633631295070 0.237646276637404
77 0.930555439127525 -0.263244537883164 0.094952602538522 0.236120501558039
78 0.978315801207203 0.103526643892863 -0.125982848267239 0.127705712695491
79 0.939958632971656 0.038531347841139 -0.070799659648821 0.331633098060511
80 0.975298506013844 0.104612327914913 -0.193864202974063 0.016302018912337
81 0.913253263587605 -0.332054492698373 -0.191746135607124 -0.137628884705024
82 0.937177910643961 0.075416003205258 0.230808965885987 -0.250473973754173
83 0.922719568512786 0.044491961950322 -0.267688238800186 -0.273773756984567
84 0.994938080911383 -0.082551620398892 0.057239486441957 -0.002662013101586
85 0.916859007322343 -0.184808380721302 -0.242798527577410 0.257418527136840
86 0.977471845903502 -0.073846617475034 -0.032591371084758 -0.195021204191525
87 0.966569599184500 0.105393361703986 -0.066371890464617 -0.224120997225159
88 0.979006587373369 0.072204822291485 0.113237206230499 0.153329386102327
89 0.969684124354026 0.010765241647580 -0.077839794448840 -0.231382313386733
90 0.928001629722984 0.209735605968070 -0.096688334088530 -0.292361620039083
91 0.907176476803125 0.273262743211644 0.243052553594305 -0.208047516925350
92 0.942878522097977 -0.213016783493746 0.139393398869160 -0.214880019704060
93 0.901428592000514 -0.202693714073729 0.328964608348541 0.195253779100582
94 0.912695860813811 -0.166173169166334 0.195547294682330 0.318015721380209
95 0.917802891545377 0.138036193946020 0.317910005850898 0.193693287472034
96 0.882270296921840 0.335883489073816 0.273225296772709 -0.184741284342490
97 0.941050336891646 -0.067065184120891 -0.291180762277685 0.158556892610621
98 0.866097373881664 0.310689722637421 -0.299371071052471 -0.252436520772378
99 0.878396537733250 -0.252665012689659 -0.255092142257673 0.315448748323978
100 0.900341501091169 0.369297087682886 -0.131334998537776 -0.189092465743409
101 0.952833871141507 0.123208763344624 0.179924546588843 -0.211079066170424
102 0.917427229851250 -0.344163598141665 -0.095974512321312 0.175121639514739
103 0.957771259540337 0.260567968051204 0.056157486032626 0.107818760828898
104 0.984733950533816 -0.030120930808337 -0.171440164007301 0.000215310132062
105 0.893942093927592 0.334760484605129 -0.293158573941620 0.053488327472515
106 0.949440162890649 0.041012681154749 0.229072950870673 0.210729495453481
107 0.954604607412813 0.038007764846102 0.176107971931039 -0.237216010294347
108 0.873669836500545 -0.358193204703112 -0.191164255967961 -0.268057591076696
109 0.964991537855616 0.049050112154177 -0.087461146558255 -0.242355041638152
110 0.947272086319078 -0.263561235011480 -0.027565541900855 -0.180142195999818
111 0.939124494031750 0.192801118442994 -0.027181056740673 0.283079677107349
112 0.900353025399050 0.215256552893461 -0.331831297258873 -0.181430527339516
113 0.884117168086157 -0.217197823170675 -0.259763224438713 0.322001562006207
114 0.917577762977169 -0.104307568398890 -0.121265789704725 0.363958223305662
115 0.916614197796800 -0.046986847616678 -0.356617819176404 0.174454520131296
116 0.960107558509206 0.024101180366039 -0.037236419816537 -0.276090670319918
117 0.956190071485366 -0.248325691058067 -0.027380421139300 0.152594924199918
118 0.995242300308212 -0.096616175693959 -0.004209229943564 0.011847390209483
119 0.874544988471584 -0.355115900544812 -0.196966977929544 0.265080685687937
120 0.972641181857955 -0.052579986745540 0.185690035950586 -0.129320094712579
121 0.963007815013128 0.080631007677861 -0.150719689448461 0.208322260061314
122 0.984232164663270 -0.020504164963533 0.168108934225409 -0.051049108660191
123 0.988698264805243 0.091913793990107 0.038446744111197 0.112024298760103
124 0.952941617222665 0.266206581011351 0.133311204540174 0.057135393018212
125 0.973054667855012 0.052578310232750 0.191691731407104 -0.116852106394308
126 0.966237182162378 -0.191471622857554 -0.058028616462584 0.162348406578695
127 0.898791984963740 0.087273542434699 0.268042854387945 0.335722094547562
128 0.978195335825432 -0.132275185778886 0.128042367820812 -0.096136945236319
129 0.936505491334296 0.046071392477370 0.265026279912447 0.224935462859184
130 0.924288389640445 0.010079656678520 -0.369817498462432 0.093938230386279
131 0.953206107917571 -0.276780960091707 0.112062905071748 -0.047247447192724
132 0.944511864233325 -0.315859655795255 0.089530634159101 -0.010690262413082
133 0.941571679995414 -0.332104866609253 -0.055668887125547 -0.007078418698194
134 0.883151383145655 0.148203265493662 0.335590048961622 -0.292333278267917
135 0.863710765905715 -0.313571673411328 -0.355132729070469 -0.171922259278845
136 0.936613699666883 0.111742462434504 0.255938994067447 -0.211574173757409
137 0.883670165805664 -0.300055734567582 -0.119367707435833 0.338887805386402
138 0.863139572066105 0.330556916200178 -0.355005892780078 0.140331822396740
139 0.912352506251780 0.347884250151995 -0.079102236998350 0.200829004215368
140 0.999594113667135 0.026566111364429 -0.009097468988096 -0.004804758786704
141 0.951897036281251 -0.252457955952646 -0.172538097004620 0.019688013541398
142 0.883913004218373 0.081861717524282 -0.334102553251141 -0.316815315426344
143 0.941062349179507 -0.259272473239407 -0.152218375693936 0.154948396823485
144 0.972437753038931 0.130502418193482 -0.003428672941922 -0.193189491205150
145 0.989768992351578 -0.105805234065582 -0.004550896080160 -0.095613197669240
146 0.923271903627249 0.058815549428380 -0.339550518697887 -0.169750311840510
147 0.972180712666272 -0.181710095643287 0.136605796011333 -0.056435445928212
148 0.898879052007525 -0.156559997333841 -0.210617586795889 -0.350921143890130
149 0.961024891067013 -0.126414504711336 -0.226590643849092 0.095431713116116
150 0.916651554630489 0.272409328967185 0.150312521051023 0.250896853109883
151 0.910561188908287 -0.174352363260324 -0.192575180589868 -0.321549956461275
152 0.925412751767888 0.173935863202812 0.305093228931510 -0.142392682457434
153 0.923130821352919 0.083675427187228 0.157947552060091 0.340412221213554
154 0.929664763856882 0.015886648005230 0.041497624959385 -0.365717087898303
155 0.930579205656163 -0.038411980016410 -0.152522516349194 -0.330580918684177
156 0.921863081736985 -0.375142731581343 -0.097075409151752 -0.003571331697985
157 0.933866165994982 0.266674383545540 0.224368903505650 0.080233112304778
158 0.916917415265850 -0.294043364061889 0.230874351123107 0.139635194800040
159 0.969589351918079 -0.204284497378026 0.111625362800622 -0.075525566252204
160 0.893411727807004 0.259971967135938 0.360915580956852 -0.063007970471621
161 0.976231886902797 -0.173050859498279 -0.127394655650910 0.028201147719502
162 0.904756268296006 0.061273736890998 -0.331268706401771 0.260619777272170
163 0.892584306524310 -0.288303891081345 -0.154863562373991 -0.310147383001549
164 0.947482961445938 0.058887023473339 0.273241575988977 -0.155394328683984
