# Index Q0 Q1 Q2 Q3
0 -0.280198 0.167234 0.209404 0.921776
1 -0.939424 -0.111304 0.314856 0.077200
2 0.783616 0.249838 0.011682 0.568675
3 -0.946060 -0.132130 0.255241 0.149545
4 -0.541045 0.057239 0.314415 0.777905
5 -0.904496 -0.287482 0.291352 0.119812
6 -0.513907 0.015475 0.119144 0.849391
7 -0.453561 0.058904 0.288928 0.841031
8 -0.977579 -0.125371 0.169144 -0.003263
9 0.795952 0.250231 0.027036 0.550558
10 -0.259348 0.192588 0.225529 0.919122
11 -0.680399 0.050244 0.346832 0.643615
12 -0.947616 -0.187737 0.250797 0.062290
13 -0.316598 0.031930 0.192667 0.928238
14 -0.949875 -0.194748 0.241811 0.036570
15 0.224133 0.160380 0.099226 0.956136
16 0.478271 0.419524 0.080637 0.767303
17 -0.877180 -0.349588 0.218378 -0.246282
18 -0.229649 0.189410 0.241265 0.923675
19 -0.938660 -0.157368 0.202685 0.230371
20 -0.549636 0.033350 0.274801 0.788208
21 -0.379286 0.079146 0.248990 0.887627
22 0.840588 0.215747 -0.064051 0.492710
23 -0.554277 0.043226 0.305063 0.773204
24 -0.951827 -0.223536 0.143318 -0.153353
25 -0.539288 0.034025 0.225446 0.810670
26 -0.961423 -0.197165 0.169302 -0.090157
27 0.096258 0.279700 0.263785 0.918107
28 -0.087956 0.201535 0.287887 0.932078
29 -0.963373 -0.162921 0.207706 0.047185
30 -0.043023 0.184344 0.289198 0.938366
31 0.829198 0.167431 -0.057740 0.530154
32 -0.158594 0.099370 0.226276 0.955914
33 -0.100179 0.115011 0.234530 0.960069
34 -0.288516 0.187638 0.249736 0.905087
35 -0.918972 -0.302334 0.242827 -0.071557
36 0.632954 0.405053 0.047264 0.658078
37 0.922906 0.141267 -0.021690 0.357517
38 0.715784 0.356225 0.045381 0.598914
39 0.387629 0.318370 0.089091 0.860492
40 -0.494183 0.072083 0.316613 0.806439
41 0.794842 0.251395 0.025761 0.551691
42 -0.409511 0.061174 0.155266 0.896912
43 -0.457937 0.109705 0.316665 0.823396
44 0.580191 0.352711 0.008215 0.734102
45 -0.597591 -0.015534 0.273344 0.753609
46 -0.282657 0.138931 0.188456 0.930208
47 -0.920709 -0.054538 0.070833 0.379872
48 0.740649 0.302322 -0.019709 0.599709
49 0.001317 0.204050 0.276740 0.939030
50 -0.241657 0.029547 0.182970 0.952497
51 -0.559794 0.039966 0.338272 0.755384
52 -0.763577 0.045158 0.323716 0.556883
53 -0.231581 0.142495 0.316156 0.908907
54 0.043409 0.272726 0.190184 0.942107
55 -0.628876 0.016815 0.300656 0.716825
56 0.773280 0.171024 0.001965 0.610561
57 0.033560 0.221660 0.200602 0.953677
58 0.812597 0.153115 0.006816 0.562312
59 -0.603231 -0.010128 0.379745 0.701287
60 -0.945664 -0.198766 0.255435 0.031045
61 0.844281 0.153324 -0.074460 0.508071
62 -0.176261 0.083490 0.116377 0.973868
63 -0.297601 0.123221 0.170324 0.931257
64 0.685272 0.094074 0.019773 0.721915
65 -0.876290 -0.159867 0.241891 0.384769
66 -0.945248 -0.267623 0.165286 -0.086969
67 0.444230 0.355108 0.105770 0.815703
68 -0.920682 -0.201709 0.230965 0.241483
69 -0.951727 -0.109818 0.141365 -0.249344
70 -0.607317 0.083152 0.168914 0.771829
71 -0.615817 0.035730 0.403504 0.675779
72 -0.889271 -0.023418 0.233889 0.392358
73 -0.098857 0.165616 0.175500 0.965401
74 -0.020891 0.235465 0.221134 0.946160
75 -0.213976 0.069008 0.263413 0.938118
76 -0.273750 0.020296 0.164315 0.947444
77 0.715669 0.331765 -0.066609 0.610993
78 -0.232646 0.168906 0.345476 0.893304
79 0.525178 0.262826 0.082836 0.805139
80 0.384756 0.329249 0.117599 0.854242
81 -0.046470 0.227193 0.223409 0.946738
82 -0.032636 0.167972 0.290732 0.941379
83 -0.496629 0.020841 0.268841 0.825015
84 -0.284815 0.179907 0.264455 0.903647
85 0.090097 0.309324 0.195582 0.926255
86 -0.932716 -0.228561 0.225382 0.164327
87 -0.510841 0.143707 0.239035 0.813174
88 -0.351561 0.067144 0.260113 0.896793
89 -0.806058 -0.098212 0.237339 0.533194
90 -0.199202 0.178910 0.333912 0.903777
91 -0.398358 0.095471 0.411037 0.814398
92 0.023597 0.159360 0.116655 0.980020
93 -0.650965 -0.107971 0.171256 0.731613
94 -0.445137 0.083118 0.173627 0.874528
95 -0.785962 -0.077955 0.153730 0.593763
96 -0.041220 0.246160 0.243488 0.937240
97 -0.688910 -0.058682 0.177318 0.700369
98 -0.479558 0.029724 0.117942 0.869040
99 0.418800 0.380058 0.087399 0.820075
100 -0.416933 0.011534 0.188391 0.889125
101 -0.566989 -0.115795 0.265479 0.771127
102 -0.173749 0.142438 0.292385 0.929534
103 -0.547902 0.007129 0.291273 0.784163
104 -0.987428 -0.084180 0.133768 0.002312
105 -0.939807 -0.161092 0.275344 0.122466
106 0.329583 0.306405 0.151122 0.880144
107 0.582294 0.173666 0.061951 0.791793
108 -0.213784 0.060370 0.135114 0.965607
109 -0.907246 -0.198212 0.294487 0.225598
110 0.308730 0.361029 0.126520 0.870825
111 -0.171332 0.165580 0.188895 0.952653
112 -0.301136 0.025049 0.330655 0.894068
113 -0.612195 0.056494 0.357977 0.702765
114 -0.922017 -0.139851 0.287542 0.218277
115 -0.645839 -0.034134 0.403884 0.646996
116 -0.701593 -0.032147 0.270780 0.658340
117 -0.946629 -0.231257 0.224489 -0.004262
118 -0.963370 -0.154090 0.141538 0.167752
119 -0.334891 0.106597 0.379864 0.855680
120 -0.895173 -0.190207 0.309879 0.257800
121 -0.608730 0.013508 0.440326 0.659832
122 -0.927696 -0.257796 0.243827 -0.116060
123 -0.326314 0.105616 0.218268 0.913632
124 -0.823494 -0.080707 0.225087 0.514470
125 -0.938828 -0.188309 0.218728 -0.187884
126 0.817462 0.236599 -0.032095 0.524163
127 -0.328272 0.086909 0.148904 0.928715
128 -0.940249 -0.194145 0.191892 0.203512
129 -0.908729 -0.182426 0.241615 0.287322
130 -0.972228 -0.057632 0.093651 0.206591
131 -0.467515 0.098151 0.251028 0.841892
132 -0.122393 0.143071 0.142304 0.971751
133 -0.448111 0.004431 0.281571 0.848466
134 -0.688060 0.009057 0.305199 0.658289
135 0.501940 0.069044 -0.008423 0.862101
136 -0.955593 0.011844 0.170234 0.240255
137 -0.962551 -0.056573 0.130864 0.230584
138 -0.928300 -0.206608 0.221889 -0.215260
139 -0.618791 -0.007685 0.355726 0.700355
140 0.709186 0.338953 0.090917 0.611474
141 -0.382788 0.067395 0.323547 0.862698
142 -0.958801 -0.121575 0.225829 -0.122156
143 -0.501003 0.064918 0.305273 0.807211
144 -0.075129 0.225367 0.149272 0.959835
145 0.607837 0.165076 0.052698 0.774924
146 -0.951712 0.019445 0.212649 0.220562
147 0.728199 0.417449 -0.040722 0.542038
148 -0.112965 0.212662 0.188856 0.952023
149 -0.931313 -0.089296 0.147978 0.320599
150 0.142292 0.209267 0.217405 0.942706
151 -0.829004 -0.025932 0.270679 0.488684
152 -0.445345 0.086996 0.258243 0.852884
153 -0.793582 -0.037905 0.180170 0.579939
154 -0.812604 -0.117371 0.335943 0.461564
155 0.776333 0.258732 0.023932 0.574276
156 0.685530 0.278471 0.072470 0.668768
157 -0.479388 0.147679 0.244248 0.829892
158 -0.048915 0.183573 0.180113 0.965126
159 -0.843341 -0.101654 0.141263 0.508416
160 -0.990349 -0.120474 0.065988 0.018442
161 -0.773007 0.044974 0.229118 0.589867
162 -0.267516 0.139497 0.212396 0.929443
163 0.284640 0.204392 0.265708 0.898111
164 -0.850055 0.050925 0.342522 0.396852
165 -0.924139 -0.294075 0.241257 0.035820
166 -0.373131 0.013606 0.286166 0.882438
167 0.406701 0.388772 0.165518 0.809972
168 0.087725 0.218653 0.220839 0.946428
169 0.204892 0.216179 0.088122 0.950537
170 0.653790 0.299597 0.110494 0.685996
171 -0.362182 0.022756 0.325539 0.873116
172 0.822595 0.170448 -0.035281 0.541331
173 -0.237980 0.231066 0.193815 0.923260
174 0.362372 0.241415 0.165974 0.884793
175 -0.899677 -0.154698 0.119381 0.390383
176 0.898856 0.172362 -0.009505 0.402814
177 -0.684656 -0.002517 0.116544 0.719484
178 0.026617 0.055811 0.059361 0.996320
179 -0.649885 -0.020314 0.288088 0.703023
180 0.057711 0.325626 0.267974 0.904890
181 -0.966198 -0.065680 0.246204 -0.039139
182 -0.626864 0.022941 0.425860 0.652042
183 -0.946098 -0.187900 0.237698 -0.114417
184 0.780155 0.385207 -0.012293 0.492769
185 -0.145677 0.130436 0.103920 0.975174
186 -0.086777 0.113440 0.130818 0.981065
187 -0.498320 0.074000 0.181929 0.844454
188 -0.961092 -0.121679 0.081707 0.234139
189 0.503713 0.138997 0.035099 0.851892
190 -0.130229 0.243489 0.216004 0.936534
191 0.146516 0.375021 0.226130 0.886993
192 0.634577 0.259084 0.119126 0.718329
193 0.810758 0.306163 -0.070869 0.493876
194 0.258909 0.069656 0.072296 0.960670
195 0.691115 0.366164 -0.020944 0.622772
196 -0.294151 0.077309 0.108029 0.946482
197 -0.934557 -0.218304 0.179902 0.215830
198 -0.205106 0.155394 0.283154 0.923909
199 0.031218 0.110340 0.068662 0.991028
200 -0.439750 0.004560 0.287204 0.850949
201 0.528739 0.185905 0.048219 0.826770
202 -0.881828 -0.007262 0.093051 0.462242
203 -0.205555 0.219620 0.248981 0.920610
204 -0.983201 -0.111541 0.141118 0.030998
205 -0.150804 0.061849 0.127163 0.978398
206 -0.983987 -0.091942 0.083848 0.127619
207 0.137435 0.168764 0.153099 0.963946
208 -0.926185 -0.009735 0.107700 0.361230
209 -0.941122 -0.068467 0.103046 0.314617
210 -0.960843 -0.081374 0.264395 -0.015944
211 -0.480293 0.027025 0.405096 0.777487
212 -0.961716 -0.065706 0.090699 -0.250116
213 -0.914617 -0.096743 0.073127 0.385706
214 0.914377 0.101917 0.006465 0.391774
215 0.668813 0.387193 -0.006279 0.634612
216 0.569116 0.126117 -0.002745 0.812524
217 0.571016 0.320002 0.036651 0.755113
218 -0.940604 -0.254269 0.195300 -0.111664
219 -0.977355 -0.073745 0.120998 0.157157
220 0.132591 0.370615 0.203671 0.896427
221 -0.353901 0.010505 0.301565 0.885270
222 0.786520 0.156363 -0.019886 0.597111
223 -0.928996 -0.262571 0.260733 0.006336
224 -0.323859 0.038645 0.071505 0.942608
225 -0.170200 0.022232 0.108651 0.979149
226 -0.034678 0.084494 0.039640 0.995031
227 0.002710 0.112225 0.203781 0.972559
228 -0.043592 0.146846 0.163909 0.974510
229 -0.321148 0.212901 0.319394 0.865751
230 0.615579 0.246371 0.086975 0.743504
231 -0.607177 -0.011442 0.381319 0.696994
232 0.788555 0.099262 -0.029569 0.606180
233 0.780077 0.216997 0.051901 0.584550
234 -0.104758 0.158121 0.240366 0.951970
235 -0.356463 0.145820 0.233499 0.892832
236 -0.151361 0.053860 0.126553 0.978863
237 -0.284782 0.088357 0.088266 0.950422
238 -0.956258 -0.095917 0.242814 -0.131953
239 -0.315422 0.057858 0.174755 0.930925
240 -0.998866 -0.021325 0.036790 -0.021391
241 -0.947968 -0.207733 0.235092 0.054180
242 0.142878 0.254203 0.065376 0.954302
243 -0.912949 -0.257192 0.289633 0.128407
244 0.797171 0.300978 -0.057769 0.520187
245 -0.178782 0.143453 0.232400 0.945224
246 0.002688 0.167987 0.150031 0.974302
247 -0.240684 0.139636 0.257349 0.925389
248 -0.141332 0.162349 0.255339 0.942587
249 -0.528623 0.047167 0.316242 0.786336
250 -0.893613 -0.205387 0.305752 0.256493
251 -0.729470 -0.016214 0.361361 0.580542
252 -0.963697 -0.199133 0.177664 0.008301
253 -0.848934 -0.097961 0.234602 0.463332
254 -0.470968 0.098685 0.369611 0.794883
255 -0.726249 0.062597 0.119214 0.674115
256 0.665228 0.211532 0.067021 0.712906
257 -0.292391 0.095770 0.266789 0.913323
258 0.272913 0.356395 0.186378 0.873936
259 -0.281177 0.145113 0.308772 0.896962
260 -0.856376 0.002643 0.097362 0.507084
261 -0.638851 0.055172 0.303304 0.704863
262 -0.665891 0.002997 0.437418 0.604355
263 -0.022005 0.056930 0.111545 0.991883
264 -0.026164 0.254708 0.320588 0.911955
265 0.026393 0.063661 0.053228 0.996201
266 0.538960 0.209052 0.045202 0.814724
267 -0.092152 0.191607 0.201581 0.956117
268 0.120517 0.178755 0.118476 0.969271
269 -0.074592 0.100626 0.134469 0.982969
270 -0.403852 -0.001397 0.260808 0.876859
271 -0.950718 -0.197004 0.150787 0.185981
272 -0.912290 -0.203182 0.299268 0.192049
273 -0.955336 -0.165052 0.242903 -0.033013
274 -0.562578 0.084109 0.387621 0.725384
275 -0.927154 -0.112563 0.240419 0.264412
276 0.703023 0.122068 -0.053326 0.698580
277 -0.351209 0.012201 0.168409 0.920946
278 0.218615 0.269059 0.148240 0.926197
279 0.045054 0.180835 0.179207 0.965999
280 0.104422 0.296526 0.207853 0.926264
281 -0.337759 0.081759 0.163042 0.923392
282 0.875405 0.257399 -0.027524 0.408233
283 -0.861741 -0.223067 0.343404 0.299528
284 -0.864765 -0.166217 0.250352 0.402340
285 -0.864024 -0.152099 0.263433 0.401163
286 0.754045 0.357797 0.044663 0.549002
287 -0.740722 0.015090 0.083919 0.666379
288 -0.234540 0.212741 0.279533 0.906418
289 -0.148055 0.157888 0.217171 0.951834
290 -0.593964 -0.002453 0.348532 0.725070
291 0.825948 0.219435 0.039700 0.517767
292 -0.199080 0.219408 0.339336 0.892792
293 0.034675 0.086140 0.146142 0.984896
294 0.333912 0.391146 0.148596 0.844646
295 -0.504090 0.054757 0.317641 0.801248
296 -0.394221 0.118621 0.099582 0.905871
297 -0.919775 -0.142311 0.287414 0.226173
298 0.088085 0.228387 0.183620 0.952031
299 0.755132 0.136786 -0.008160 0.641091
300 0.603864 0.276925 0.006283 0.747410
301 -0.460891 0.054678 0.278347 0.840900
302 -0.931615 -0.105442 0.192673 0.289574
303 -0.824577 -0.211608 0.272819 0.448180
304 -0.181675 0.166874 0.267675 0.931395
305 -0.866119 -0.051171 0.279282 0.411365
306 0.000105 0.069380 0.057664 0.995922
307 -0.136026 0.196030 0.251523 0.937979
308 0.223510 0.219270 0.155876 0.936839
309 -0.703255 -0.003238 0.213139 0.678228
310 0.305609 0.258197 -0.019693 0.916270
311 -0.724083 -0.014813 0.193600 0.661818
312 -0.753298 -0.095121 0.239185 0.605215
313 -0.048666 0.241132 0.266813 0.931825
314 -0.126605 0.177699 0.259128 0.940876
315 0.003957 0.075000 0.147538 0.986201
316 -0.728653 -0.034899 0.224884 0.645967
317 -0.995765 -0.023136 0.083085 0.031844
318 -0.696919 -0.043230 0.277051 0.660059
319 0.967476 0.195929 -0.009396 0.159730
320 -0.685050 -0.010887 0.346912 0.640501
321 -0.307758 0.236130 0.295892 0.872912
322 -0.850383 -0.058896 0.282286 0.440108
323 -0.637413 0.045088 0.318174 0.700313
324 -0.031624 0.177220 0.229899 0.956420
325 -0.493558 0.027383 0.070326 0.866432
326 0.258993 0.099418 0.078298 0.957553
327 -0.241883 0.259479 0.224968 0.907498
328 0.678243 0.234703 0.130082 0.684090
329 -0.211114 0.233375 0.219384 0.923492
330 -0.674691 0.055389 0.280851 0.680328
331 -0.853876 -0.035588 0.307087 0.418720
332 -0.307148 0.050959 0.199945 0.929024
333 -0.845250 -0.072979 0.068216 0.524951
334 0.058694 0.264697 0.222792 0.936405
335 -0.890033 -0.207986 0.232034 0.332782
336 -0.576498 -0.089383 0.207371 0.785276
337 -0.737885 -0.009486 0.265826 0.620300
338 0.901312 0.248751 0.027808 0.353535
339 0.710630 0.183294 0.034393 0.678400
340 -0.907539 -0.187999 0.242475 0.286768
341 0.745583 0.269290 -0.045097 0.607910
342 -0.954065 -0.177681 0.221835 0.094760
343 0.750460 0.366164 -0.054685 0.547489
344 -0.167184 0.203228 0.272180 0.925562
345 0.081188 0.257041 0.250058 0.929951
346 0.863039 0.233357 0.019762 0.447568
347 0.665227 0.357297 0.005081 0.655580
348 -0.338856 0.124309 0.102218 0.926971
349 -0.012385 0.236011 0.171978 0.956331
350 -0.405018 -0.007906 0.179848 0.896411
351 -0.321296 0.125230 0.343466 0.873566
352 -0.936255 -0.100932 0.271661 0.198593
353 -0.883733 -0.024913 0.221167 0.411679
354 -0.088224 0.160419 0.256272 0.949109
355 -0.914255 -0.000144 0.240703 0.325882
356 -0.925313 -0.237741 0.276859 0.103071
357 -0.938678 -0.242073 0.238469 -0.058452
358 0.644969 0.190484 0.017399 0.739884
359 0.003778 0.068415 0.038325 0.996913
360 -0.649528 0.104969 0.293745 0.693404
361 -0.772041 -0.111045 0.165587 0.603492
362 -0.946055 -0.255436 0.199021 -0.011082
363 -0.463096 -0.038070 0.224961 0.856438
364 -0.021491 0.091801 0.204952 0.974221
365 -0.264636 0.161708 0.306000 0.900101
366 -0.288881 0.122387 0.220961 0.923442
367 -0.803784 -0.138515 0.376880 0.438983
368 0.077443 0.307572 0.154576 0.935686
369 0.070006 0.242056 0.194421 0.948002
370 0.604565 0.290057 -0.095463 0.735700
371 0.158252 0.268370 0.215200 0.925539
372 0.575837 0.336734 0.053907 0.743045
373 -0.523852 0.052074 0.331622 0.782876
374 -0.001894 0.258869 0.239459 0.935758
375 -0.828358 -0.050216 0.055095 0.555218
376 0.828440 0.138219 0.014990 0.542547
377 -0.190786 0.128979 0.228307 0.945960
378 -0.436384 0.021708 0.079391 0.895988
379 -0.826921 -0.073274 0.299051 0.470533
380 -0.075863 0.098667 0.131273 0.983502
381 -0.302488 0.072604 0.185461 0.932113
382 -0.421908 0.025500 0.111383 0.899409
383 -0.920890 -0.107706 0.224024 0.300291
384 -0.972684 -0.110109 0.142114 -0.146849
385 -0.800411 -0.073112 0.085700 0.588772
386 0.510946 0.208442 0.046108 0.832683
387 -0.291787 0.156133 0.278776 0.901536
388 -0.894106 -0.215315 0.220850 -0.324714
389 0.639917 0.343639 0.012697 0.687210
390 -0.346600 0.084570 0.130257 0.925067
391 -0.893711 -0.015956 0.266929 0.360242
392 0.069841 0.045482 0.131637 0.987788
393 -0.348391 0.085897 0.120824 0.925552
394 -0.495242 0.018899 0.103703 0.862336
395 0.599510 0.282291 0.033374 0.748188
396 0.683642 0.305062 0.099117 0.655550
397 0.097291 0.127543 0.217314 0.962830
398 0.399265 0.412999 0.147672 0.805116
399 -0.539918 0.075757 0.245665 0.801498
400 0.621447 0.187507 0.129932 0.749508
401 0.315563 0.382339 0.182104 0.849161
402 -0.978194 -0.067934 0.065547 0.184997
403 -0.860715 0.021126 0.306463 0.405960
404 -0.224071 0.126889 0.137942 0.956380
405 -0.541296 -0.044769 0.396270 0.740247
406 -0.366939 0.100852 0.264381 0.886164
407 -0.078853 0.140640 0.144545 0.976273
408 -0.479299 0.058665 0.171522 0.858726
409 -0.518594 0.012685 0.070274 0.852034
410 0.585629 0.287080 0.072787 0.754537
411 -0.613605 0.044591 0.327019 0.717327
412 -0.804693 -0.074180 0.210772 0.550038
413 -0.735719 -0.002677 0.334599 0.588858
414 -0.241403 0.103418 0.153430 0.952622
415 0.568953 0.326680 0.045685 0.753317
416 0.241177 0.193063 0.111811 0.944489
417 -0.572993 0.085056 0.225749 0.783251
418 -0.914594 -0.311698 0.255032 -0.036359
419 0.000242 0.135248 0.165974 0.976811
420 -0.105091 0.242753 0.206309 0.942053
421 0.050658 0.154926 0.155660 0.974270
422 -0.709333 0.021962 0.266827 0.652049
423 -0.016231 0.312139 0.201654 0.928246
424 0.841297 0.158464 0.005167 0.516799
425 0.750532 0.276424 -0.078755 0.595054
426 -0.211410 0.210523 0.132921 0.945155
427 0.812378 0.257804 0.111491 0.511027
428 -0.255889 0.124742 0.282111 0.916173
429 -0.849049 -0.094632 0.271268 0.443366
430 -0.693545 -0.015406 0.440632 0.569738
431 -0.508270 -0.029673 0.134981 0.850036
432 0.870654 0.087635 0.011916 0.483880
433 -0.591284 0.003360 0.101717 0.800016
434 -0.413550 0.223885 0.288596 0.834005
435 -0.911877 -0.224685 0.316717 0.132995
436 -0.927366 -0.266104 0.254917 0.064796
437 -0.303677 0.071463 0.218583 0.924605
438 0.393104 0.199677 0.086997 0.893325
439 -0.427956 0.161209 0.267801 0.848026
440 -0.322017 0.131346 0.342918 0.872617
441 0.593521 0.102514 0.028628 0.797750
442 -0.977439 -0.090079 0.106911 -0.158330
443 -0.617343 -0.006360 0.262661 0.741523
444 -0.266205 0.229966 0.231518 0.907001
445 0.863598 0.059955 -0.000344 0.500603
446 0.016105 0.093027 0.081634 0.992181
447 -0.326973 0.100983 0.111846 0.932943
448 -0.266675 0.158383 0.232893 0.921716
449 0.811520 0.238948 0.018942 0.532899
450 -0.647742 0.049400 0.309486 0.694412
451 0.628748 0.389831 -0.015479 0.672658
452 0.690091 0.359883 -0.071741 0.623789
453 -0.185799 0.222933 0.231941 0.928431
454 0.020326 0.161037 0.129471 0.978208
455 -0.088947 0.188300 0.250921 0.945341
456 -0.354679 0.021325 0.074313 0.931786
457 -0.952331 -0.218608 0.209279 -0.038439
458 -0.473414 0.077350 0.340266 0.808774
459 -0.489078 0.032776 0.324402 0.809007
460 -0.193200 0.174784 0.216366 0.940909
461 0.760295 0.238753 0.115750 0.592917
462 -0.465564 0.105931 0.265702 0.837515
463 -0.646793 0.053391 0.299231 0.699478
464 0.195583 0.239057 0.136276 0.941290
465 0.456926 0.329040 0.133058 0.815626
466 -0.000489 0.157566 0.270550 0.949724
467 -0.041046 0.109936 0.140125 0.983155
468 -0.097214 0.197547 0.222047 0.949852
469 -0.519703 0.063435 0.232498 0.819652
470 -0.915277 -0.305787 0.262222 0.001298
471 0.821865 0.264453 0.008471 0.504511
472 -0.836913 -0.013903 0.332246 0.434736
473 -0.848622 -0.016638 0.075294 0.523350
474 -0.549994 0.050505 0.248986 0.795589
475 -0.108701 0.154477 0.278075 0.941804
476 0.712104 0.279252 -0.061615 0.641194
477 -0.995180 -0.040043 0.082441 0.034894
478 0.746643 0.259089 0.104956 0.603640
479 -0.284927 0.175647 0.267384 0.903588
480 -0.166895 0.269273 0.233639 0.919267
481 -0.976098 -0.046835 0.072999 -0.199274
482 -0.123784 0.162211 0.236247 0.950028
483 -0.126514 0.220516 0.253154 0.933424
484 -0.333057 0.087787 0.116788 0.931519
485 -0.844001 -0.029622 0.087095 0.528394
486 -0.924922 -0.239958 0.258025 0.142699
487 -0.742708 -0.039068 0.357379 0.564923
488 -0.411553 0.115487 0.229700 0.874371
489 -0.870356 -0.016504 0.183133 0.456805
490 0.823978 0.195250 -0.050270 0.529539
491 -0.534647 0.059283 0.214079 0.815358
492 0.344281 0.292580 -0.057136 0.890282
493 -0.951725 -0.167640 0.206908 0.152661
494 0.756865 0.225635 -0.008497 0.613328
495 -0.742231 -0.139030 0.252928 0.604807
496 0.107446 0.067211 0.045520 0.990892
497 0.533882 0.086132 0.043344 0.840043
498 -0.922126 -0.220527 0.279302 0.151794
499 -0.743388 -0.047390 0.380244 0.548217
500 -0.978431 -0.119873 0.139117 -0.094600
501 0.745966 0.275229 -0.023951 0.605978
502 -0.889365 -0.145087 0.298988 0.313985
503 0.264776 0.084062 0.052111 0.959225
504 0.702158 0.336180 -0.015763 0.627463
505 0.604994 0.269790 0.015025 0.748979
506 -0.068376 0.251741 0.336406 0.904866
507 -0.166116 0.152844 0.261205 0.938518
508 -0.583614 -0.119968 0.313550 0.739384
509 -0.378223 0.063148 0.084973 0.919641
510 0.781746 0.281323 -0.017451 0.556260
511 0.041738 0.042134 0.060339 0.996414
512 -0.980723 -0.105870 0.164234 0.001337
513 0.742692 0.160977 0.011369 0.649897
514 0.621520 0.083378 0.034863 0.778168
515 -0.974612 -0.034718 0.185100 0.121097
516 -0.968409 -0.182414 0.161203 -0.054056
517 -0.555038 0.041055 0.253765 0.791107
518 0.147087 0.265362 0.239532 0.922265
519 -0.457462 0.071217 0.221007 0.858378
520 -0.965662 -0.101353 0.147756 -0.188130
521 -0.726928 -0.068045 0.162101 0.663829
522 -0.421415 0.078546 0.236727 0.871895
523 -0.938117 -0.107697 0.247205 0.217319
524 -0.543738 0.003478 0.302236 0.782936
525 -0.947362 -0.156132 0.272633 0.061642
526 -0.971687 -0.038727 0.191671 0.132618
527 -0.200686 0.167620 0.240444 0.934781
528 -0.385977 0.089762 0.288933 0.871483
529 -0.845549 -0.099459 0.124746 0.509502
530 -0.561228 0.085622 0.259132 0.781372
531 -0.946763 -0.111218 0.192163 -0.233116
532 -0.857690 -0.142197 0.154287 0.469408
533 -0.655686 -0.006719 0.149699 0.740014
534 0.490390 0.045821 0.028852 0.869819
535 -0.004885 0.056105 0.119816 0.991197
536 0.613117 0.357863 -0.019737 0.704011
537 -0.439105 0.066505 0.268543 0.854780
538 -0.115487 0.154271 0.340810 0.920169
539 0.706087 0.265964 -0.038824 0.655131
540 -0.681629 -0.118948 0.309548 0.652237
541 -0.209840 0.232798 0.314134 0.896154
542 -0.926548 -0.259548 0.260677 0.078686
543 0.605666 0.074256 0.003618 0.792238
544 0.660432 0.221686 0.077990 0.713163
545 -0.066082 0.048686 0.129406 0.988189
546 -0.207729 0.225465 0.362451 0.880138
547 0.482701 0.291997 0.157543 0.810505
548 -0.945061 -0.154983 0.283050 0.052179
549 -0.861212 -0.054673 0.156487 0.480455
550 0.672129 0.210553 0.040218 0.708726
551 -0.620287 -0.028643 0.348570 0.702085
552 0.722992 0.165123 -0.008987 0.670773
553 -0.889376 -0.169680 0.291839 0.308299
554 -0.065331 0.144894 0.187185 0.969381
555 -0.465880 0.068573 0.356617 0.806894
556 -0.254285 0.163013 0.234989 0.923876
557 -0.349077 0.130240 0.309704 0.874795
558 -0.583134 0.034504 0.222509 0.780547
559 -0.242976 0.091708 0.258925 0.930328
560 -0.945950 -0.075746 0.231112 0.214543
561 -0.206081 0.115338 0.233040 0.943356
562 -0.192514 0.096696 0.207735 0.954167
563 0.717462 0.329060 -0.024042 0.613507
564 -0.143103 0.267606 0.229225 0.924859
565 0.260393 0.294025 0.262711 0.881322
566 -0.835401 -0.068226 0.376607 0.394484
567 -0.074039 0.146770 0.270514 0.948577
568 -0.897265 -0.265347 0.300194 0.185446
569 -0.930987 -0.134594 0.259039 0.219194
570 -0.137178 0.214197 0.231328 0.939036
571 0.629461 0.238366 0.081718 0.735039
572 0.240246 0.191607 0.175158 0.935354
573 -0.423727 0.143760 0.278418 0.849866
574 -0.550334 0.014757 0.214334 0.806831
575 0.857481 0.160682 -0.032867 0.487675
576 -0.614763 0.026695 0.061825 0.785832
577 0.699543 0.186763 0.036353 0.688794
578 0.789490 0.246172 0.110909 0.551184
579 -0.934623 -0.207226 0.267707 0.108950
580 0.006418 0.256008 0.222270 0.940752
581 -0.120249 0.075166 0.210072 0.967347
582 -0.871842 -0.031644 0.227613 0.432531
583 0.465610 0.208854 0.089539 0.855319
584 -0.759465 -0.063318 0.316459 0.564852
585 -0.353187 0.142655 0.157498 0.911100
586 -0.280258 0.128582 0.144063 0.940302
587 -0.538126 0.036146 0.303399 0.785534
588 -0.924124 -0.266892 0.265292 0.066208
589 -0.727019 -0.026334 0.300761 0.616679
590 -0.969171 -0.140666 0.133774 0.151741
591 -0.049717 0.106981 0.220182 0.968299
592 -0.122667 0.166247 0.318750 0.925048
593 -0.981100 -0.027819 0.046709 -0.185707
594 0.659896 0.327502 0.031238 0.675503
595 0.716776 0.242543 0.040732 0.652492
596 -0.433021 0.105128 0.163661 0.880145
597 -0.705302 -0.071695 0.303185 0.636779
598 -0.299298 0.202587 0.260772 0.895197
599 0.600856 0.397716 0.105961 0.685249
600 0.571213 0.286398 0.055671 0.767198
601 0.155722 0.207090 0.191614 0.946651
602 -0.395336 0.131357 0.136969 0.898718
603 0.666431 0.387677 -0.056839 0.634307
604 -0.023464 0.223756 0.122506 0.966631
605 0.373658 0.301220 0.182830 0.858032
606 0.052071 0.065111 0.188910 0.978449
607 0.609289 0.354419 0.018586 0.709090
608 0.745222 0.305804 0.055659 0.589941
609 -0.335830 0.131178 0.208497 0.909142
610 -0.253281 0.154549 0.194353 0.934981
611 0.550677 0.245803 0.161084 0.781273
612 -0.881494 0.005071 0.142634 0.450108
613 0.754374 0.343499 0.011772 0.559276
614 0.727480 0.112746 0.050478 0.674917
615 -0.450625 0.071099 0.337520 0.823385
616 -0.486742 0.068278 0.226222 0.840978
617 0.624118 0.404110 0.098924 0.661351
618 -0.273607 0.136346 0.282687 0.909196
619 -0.227017 0.221165 0.362589 0.876401
620 0.439356 0.320569 0.108689 0.832099
621 -0.969631 -0.154161 0.166449 0.091352
622 -0.403950 0.069171 0.284399 0.866693
623 -0.914510 -0.214858 0.282229 0.194564
624 -0.923282 -0.129663 0.288708 0.217681
625 0.022537 0.108531 0.179278 0.977534
626 -0.933832 -0.218831 0.282615 -0.014169
627 0.720607 0.350554 -0.005786 0.598167
628 -0.390363 0.132671 0.154335 0.897884
629 -0.899319 -0.335300 0.231055 -0.159412
630 -0.957543 -0.080985 0.188908 0.202155
631 0.185916 0.043062 0.011246 0.981557
632 0.814248 0.277602 -0.040829 0.508204
633 -0.938672 -0.028612 0.026387 0.342608
634 -0.938920 -0.151308 0.200044 0.235622
635 0.011221 0.256777 0.328536 0.908847
636 -0.627026 0.081747 0.348283 0.691993
637 -0.224604 0.198606 0.244414 0.922155
638 -0.218024 0.171604 0.235421 0.931448
639 0.596393 0.374239 -0.009424 0.710051
640 -0.945948 -0.215766 0.239566 -0.035146
641 0.876570 0.205769 0.032835 0.433828
642 -0.704161 0.002074 0.290719 0.647793
643 0.828787 0.242775 0.018258 0.503825
644 -0.761951 -0.072601 0.203405 0.610562
645 -0.371879 0.097172 0.199726 0.901317
646 0.779151 0.309548 0.024355 0.544529
647 -0.070068 0.186910 0.226254 0.953396
648 0.266352 0.264815 0.141915 0.915855
649 -0.350019 0.047258 0.230431 0.906728
650 -0.985369 -0.090991 0.144110 -0.001214
651 -0.052556 0.248737 0.125686 0.958943
652 -0.904993 -0.171652 0.292858 0.256434
653 -0.762305 -0.043556 0.346047 0.545203
654 -0.384588 0.094395 0.326945 0.858072
655 -0.983483 -0.063985 0.169282 0.003410
656 -0.943982 -0.231638 0.181146 -0.149762
657 -0.311750 0.051619 0.223114 0.922154
658 0.366650 0.169643 0.183595 0.896148
659 0.664616 0.332711 -0.029802 0.668357
660 -0.342692 -0.014207 0.328301 0.880102
661 -0.238513 0.177784 0.190905 0.935446
662 0.091753 0.089914 0.174777 0.976192
663 0.083991 0.187718 0.166115 0.964424
664 -0.955594 -0.181049 0.220112 0.074919
665 -0.507682 0.127601 0.251635 0.814037
666 -0.275249 -0.005275 0.303066 0.912338
667 0.007121 0.200785 0.229521 0.952342
668 -0.843748 -0.110899 0.270522 0.450122
669 -0.458730 0.040069 0.075921 0.884419
670 -0.052762 0.252181 0.221080 0.940609
671 -0.929906 -0.213167 0.296372 0.044709
672 -0.942403 -0.194696 0.229130 0.146524
673 -0.445826 0.034540 0.201594 0.871439
674 0.087605 0.138175 0.151173 0.974874
675 -0.920630 -0.040432 0.062769 0.383231
676 -0.897073 -0.105673 0.239304 0.356128
677 -0.917403 -0.111440 0.282930 0.256717
678 0.900961 0.212165 0.040918 0.376273
679 -0.326041 0.111293 0.304547 0.888010
680 -0.210635 0.105204 0.152667 0.959822
681 -0.569562 0.147349 0.179409 0.788480
682 -0.499712 0.017229 0.164861 0.850183
683 -0.587453 0.064461 0.396727 0.702389
684 -0.064591 0.191615 0.251220 0.946573
685 -0.894680 -0.277859 0.270168 0.222152
686 0.850047 0.233075 0.022929 0.471773
687 -0.519247 0.056774 0.347413 0.778758
688 -0.571186 0.007492 0.289503 0.768035
689 -0.026077 0.258290 0.199142 0.944960
690 -0.650090 0.075225 0.300658 0.693778
691 -0.922879 -0.045871 0.304468 0.231277
692 0.789208 0.301085 -0.089919 0.527650
693 -0.495828 0.009652 0.302033 0.814148
694 -0.273643 0.057760 0.229341 0.932301
695 -0.456882 0.038131 0.285349 0.841653
696 0.513638 0.237001 0.165681 0.807810
697 -0.933601 -0.144763 0.222395 0.240776
698 -0.491284 0.057598 0.302045 0.814918
699 -0.938902 -0.258599 0.223468 0.040640
700 -0.375850 0.124060 0.297509 0.868812
701 -0.985572 -0.084590 0.146490 -0.005708
702 0.385916 0.265518 0.238368 0.850735
703 -0.325774 0.090349 0.141881 0.930365
704 0.716625 0.310351 0.004210 0.624591
705 -0.979124 -0.042267 0.041017 0.194541
706 -0.416518 0.197827 0.306606 0.832688
707 -0.421204 0.030595 0.263944 0.867170
708 0.401464 0.231153 0.280597 0.840631
709 -0.295876 0.148758 0.213168 0.919178
710 0.800609 0.337266 -0.008037 0.495190
711 -0.242979 0.099045 0.123209 0.957064
712 0.118425 0.272668 0.203902 0.932766
713 0.681825 0.321687 -0.022853 0.656590
714 -0.984298 -0.144497 0.093657 0.038821
715 -0.951747 -0.070463 0.277725 0.109912
716 -0.278628 0.080776 0.106910 0.951006
717 0.711795 0.338517 -0.015217 0.615241
718 -0.982860 -0.161651 0.076635 -0.044535
719 -0.988618 -0.108722 0.103967 -0.002319
720 0.853731 0.270244 -0.064175 0.440445
721 -0.342184 0.011950 0.148767 0.927705
722 -0.722081 -0.002665 0.337971 0.603629
723 -0.853690 -0.027146 0.298739 0.425713
724 -0.244560 0.092950 0.255643 0.930697
725 -0.650216 0.002605 0.242602 0.719970
726 -0.032435 0.072831 0.195010 0.977556
727 -0.401863 0.071382 0.230864 0.883240
728 -0.160068 0.129107 0.137350 0.968940
729 -0.131099 0.049782 0.224529 0.964324
730 -0.640377 0.079289 0.308060 0.699092
731 0.783381 0.224193 0.034594 0.578666
732 -0.983747 -0.144570 0.106170 0.008375
733 -0.207495 0.062792 0.062068 0.974244
734 -0.424832 0.077457 0.153583 0.888780
735 0.755216 0.227882 -0.040005 0.613285
736 -0.134586 0.123372 0.143424 0.972675
737 -0.934206 -0.110988 0.338891 -0.009724
738 0.693732 0.284466 -0.002810 0.661670
739 0.850669 0.275641 -0.047931 0.445069
740 -0.903996 -0.138450 0.257853 0.311666
741 0.820054 0.215803 0.024470 0.529473
742 -0.292086 0.051679 0.236649 0.925209
743 -0.367794 0.111763 0.230768 0.893858
744 -0.306879 0.084548 0.246709 0.915320
745 -0.638046 0.090324 0.303127 0.702035
746 -0.952060 -0.115231 0.136080 0.248568
747 -0.128159 0.075805 0.211920 0.965877
748 -0.895664 -0.160048 0.320381 0.263681
749 0.842530 0.303902 -0.038112 0.443096
750 0.379578 0.185307 0.195965 0.884974
751 -0.276047 0.068567 0.227861 0.931223
752 0.882070 0.185874 -0.029083 0.431924
753 0.737148 0.212742 -0.045244 0.639771
754 -0.580159 0.006966 0.286788 0.762312
755 -0.609688 -0.041769 0.322705 0.722771
756 -0.463421 0.057102 0.251004 0.847926
757 0.211782 0.238699 0.130565 0.938682
758 -0.389352 0.082737 0.160783 0.903166
759 -0.224106 0.193565 0.336630 0.893862
760 0.751825 0.345709 -0.094513 0.553455
761 -0.980176 -0.010234 0.159025 0.117738
762 0.046791 0.207252 0.060957 0.975265
763 0.104736 0.220495 0.259615 0.934351
764 0.490624 0.212383 0.022578 0.844791
765 -0.642632 0.007480 0.176329 0.745571
766 -0.890352 -0.196710 0.302100 0.278053
767 0.799209 0.343491 -0.105473 0.481824
768 0.495267 0.438676 0.088653 0.744590
769 -0.964032 -0.209210 0.157958 0.043852
770 -0.879289 0.048373 0.293413 0.372049
771 -0.515130 0.051929 0.337274 0.786251
772 -0.642558 -0.103836 0.167929 0.740363
773 -0.050140 0.281423 0.337715 0.896792
774 0.013146 0.226608 0.181674 0.956802
775 -0.978859 -0.157720 0.113779 -0.063358
776 -0.140041 0.112574 0.165086 0.969774
777 0.805522 0.289743 -0.061802 0.513190
778 -0.778286 -0.100503 0.287490 0.549108
779 -0.394913 0.095324 0.373337 0.834012
780 0.050692 0.283303 0.314657 0.904522
781 0.606656 0.397460 0.016860 0.688266
782 0.066475 0.070475 0.158751 0.982554
783 -0.127497 0.237477 0.333490 0.903401
784 -0.900707 -0.187502 0.259114 0.293990
785 -0.968644 -0.185756 0.164969 0.002940
786 -0.934436 -0.284443 0.213560 0.017736
787 0.476172 0.264501 0.044864 0.837429
788 0.132968 0.228505 0.166987 0.949853
789 0.807346 0.279021 -0.043006 0.518161
790 -0.359717 0.001846 0.282897 0.889140
791 -0.454008 0.038038 0.304760 0.836392
792 0.009708 0.042897 0.022832 0.998771
793 -0.162701 0.161088 0.159169 0.960336
794 -0.476363 0.025446 0.167546 0.862763
795 -0.247691 0.201162 0.354660 0.878862
796 -0.977306 -0.136961 0.119875 0.108376
797 -0.908565 -0.184786 0.267114 0.262706
798 -0.018148 0.208446 0.179806 0.961192
799 0.074887 0.164759 0.143950 0.972895
800 -0.641486 0.030078 0.182541 0.744493
801 -0.283691 0.111827 0.245810 0.920104
802 0.001790 0.062532 0.018992 0.997861
803 -0.964233 -0.177298 0.175933 0.088699
804 -0.085108 0.225927 0.241577 0.939869
805 -0.787188 -0.109600 0.361999 0.487114
806 -0.228241 0.084496 0.168742 0.955140
807 -0.735284 -0.066748 0.333865 0.586034
808 -0.561231 0.087857 0.391491 0.723903
809 -0.821039 -0.088794 0.243610 0.508591
810 -0.659621 0.124383 0.353115 0.651720
811 -0.323576 0.045045 0.102759 0.939527
812 -0.245381 0.176977 0.322622 0.896874
813 0.141552 0.198522 0.122200 0.962091
814 -0.033919 0.180806 0.167430 0.968569
815 -0.345496 0.111154 0.313085 0.877642
816 -0.349603 0.067822 0.241074 0.902807
817 0.647723 0.256890 0.057936 0.714917
818 -0.924988 -0.220967 0.248162 0.184357
819 -0.112867 0.258330 0.328223 0.901552
820 -0.221943 0.180079 0.303836 0.908844
821 -0.642583 0.060853 0.216672 0.732419
822 -0.957538 -0.206672 0.186747 0.074389
823 -0.440567 0.110668 0.348017 0.820083
824 -0.020589 0.222681 0.281085 0.933264
825 -0.396063 0.116264 0.317402 0.853741
826 -0.787164 -0.002116 0.104348 0.607848
827 -0.803249 -0.041558 0.240036 0.543551
828 0.118970 0.096221 0.137001 0.978682
829 -0.405471 0.023367 0.264177 0.874790
830 -0.866743 -0.197105 0.373942 0.264716
831 -0.365410 0.150976 0.409799 0.822038
832 -0.141038 0.041964 0.095597 0.984484
833 0.491620 0.269461 0.081177 0.824081
834 -0.957806 -0.186489 0.214753 -0.041355
835 -0.036102 0.155188 0.169123 0.972631
836 0.714549 0.349839 -0.012048 0.605712
837 -0.941624 -0.222450 0.246666 0.054917
838 -0.515258 0.021629 0.369349 0.773061
839 0.681367 0.290952 0.118410 0.661108
840 -0.538162 0.049484 0.209636 0.814853
841 0.757231 0.227120 -0.056670 0.609759
842 0.012265 0.040658 0.023555 0.998820
843 0.513821 0.247587 0.097166 0.815627
844 0.682902 0.286301 0.059691 0.669413
845 -0.107411 0.035607 0.098836 0.988649
846 -0.256436 0.142899 0.237026 0.926088
847 -0.456415 0.122930 0.259413 0.842187
848 0.088341 0.135244 0.120937 0.979428
849 -0.833308 -0.135166 0.323966 0.427052
850 0.638127 0.278655 0.047473 0.716165
851 -0.009156 0.189773 0.177896 0.965534
852 0.858393 0.119960 -0.038308 0.497295
853 -0.951663 -0.173773 0.233394 0.098329
854 0.237074 0.078263 0.103826 0.962752
855 0.524315 0.150966 0.060080 0.835879
856 0.622593 0.241696 0.073973 0.740601
857 0.492089 0.213927 0.038863 0.842955
858 0.811191 0.257882 -0.020846 0.524434
859 0.070455 0.274486 0.107561 0.952956
860 0.746768 0.253058 -0.001674 0.615057
861 -0.164570 0.059718 0.053318 0.983111
862 -0.814313 0.010240 0.127370 0.566185
863 0.358931 0.204639 0.095084 0.905677
864 0.086954 0.189155 0.183402 0.960741
865 0.128440 0.186992 0.117844 0.966773
866 0.764622 0.246272 -0.069364 0.591517
867 -0.928700 -0.112041 0.198327 0.292625
868 -0.332390 0.107833 0.298235 0.888226
869 -0.687427 -0.166355 0.249024 0.661632
870 -0.108364 0.056021 0.309497 0.943043
871 0.644785 0.276678 0.023495 0.712144
872 -0.971859 -0.170317 0.162726 0.001435
873 -0.737214 0.079834 0.302352 0.598936
874 -0.891988 -0.033088 0.176759 0.414751
875 -0.110549 0.120387 0.118524 0.979407
876 -0.728187 0.013634 0.190891 0.658118
877 -0.963303 -0.170664 0.189516 0.083694
878 0.785501 0.132462 -0.006716 0.604480
879 -0.996146 -0.034285 0.043973 0.067702
880 -0.828970 -0.103660 0.274890 0.475918
881 0.492539 0.232784 0.089869 0.833751
882 0.662863 0.243027 0.042736 0.706912
883 0.041635 0.060323 0.028483 0.996903
884 0.760974 0.268834 0.058546 0.587554
885 0.080376 0.197821 0.197892 0.956684
886 -0.914039 -0.146235 0.219380 0.308254
887 -0.470236 0.024223 0.376150 0.797999
888 -0.991190 -0.058809 0.057166 0.103996
889 -0.940767 -0.209068 0.237616 0.121599
890 -0.910580 0.009707 0.308473 0.274945
891 -0.214520 0.108306 0.215875 0.946387
892 0.855887 0.097462 0.025985 0.507231
893 -0.307173 0.055395 0.239407 0.919380
894 0.553402 0.352209 0.068205 0.751694
895 -0.405484 0.077267 0.225960 0.882358
896 0.750190 0.257814 -0.015528 0.608692
897 0.038087 0.098416 0.129755 0.985914
898 0.099988 0.089681 0.032337 0.990411
899 -0.823828 0.055444 0.217892 0.520343
900 -0.575872 -0.006684 0.065681 0.814870
901 -0.087431 0.104460 0.150775 0.979138
902 -0.812091 -0.075779 0.245494 0.523927
903 -0.710988 -0.011477 0.326441 0.622737
904 -0.988112 -0.051843 0.095484 0.108761
905 0.427431 0.264541 0.121735 0.855863
906 0.055895 0.271120 0.282665 0.918406
907 0.403178 0.144992 0.081892 0.899843
908 0.120233 0.163343 0.244110 0.948300
909 -0.938301 -0.112197 0.223984 0.238398
910 -0.756252 -0.092664 0.300984 0.573502
911 -0.072781 0.181568 0.241395 0.950507
912 0.636596 0.382076 0.029911 0.669230
913 0.044059 0.062341 0.012471 0.997004
914 -0.486298 0.022557 0.160766 0.858580
915 -0.481996 0.079632 0.331533 0.807109
916 -0.477548 0.034446 0.376656 0.793027
917 -0.065194 0.079668 0.296906 0.949342
918 -0.110210 0.034461 0.077776 0.990261
919 0.509868 0.285116 0.063958 0.809106
920 -0.939282 -0.197651 0.260310 0.104506
921 0.736735 0.295209 0.043351 0.606790
922 -0.096557 0.144016 0.259144 0.950148
923 -0.565786 0.043125 0.351743 0.744516
924 0.757351 0.250685 -0.012287 0.602848
925 0.273222 0.215885 0.223634 0.910347
926 -0.547624 -0.053043 0.189552 0.813243
927 -0.812353 -0.107245 0.273186 0.503936
928 -0.895089 0.006863 0.303225 0.326839
929 0.033088 0.171531 0.209744 0.962024
930 -0.919834 -0.043475 0.126916 0.368658
931 -0.475106 0.045442 0.090574 0.874074
932 -0.370821 0.007648 0.151740 0.916192
933 0.553976 0.315017 0.043625 0.769397
934 -0.963056 -0.068724 0.153842 0.210080
935 -0.697147 0.049802 0.165799 0.695713
936 -0.797235 0.042073 0.143761 0.584789
937 -0.928388 -0.186403 0.237805 0.216328
938 -0.914308 -0.226474 0.295684 0.159124
939 -0.195588 0.195278 0.313023 0.908641
940 -0.981870 -0.101337 0.153997 -0.044126
941 -0.372252 0.134688 0.238845 0.886702
942 -0.370256 0.112032 0.148458 0.910121
943 0.155072 0.191077 0.250175 0.936405
944 -0.914125 -0.268427 0.297028 0.064008
945 0.164994 0.188075 0.070253 0.965644
946 -0.465142 0.053938 0.146148 0.871421
947 -0.237465 0.143878 0.255497 0.926084
948 0.683300 0.420459 -0.048506 0.594947
949 0.682299 0.258689 -0.115793 0.673899
950 -0.969173 -0.069115 0.136083 0.193414
951 -0.845074 -0.062697 0.275771 0.453728
952 0.023237 0.047123 0.080499 0.995369
953 -0.075241 0.023569 0.133283 0.987937
954 -0.951836 -0.246483 0.158477 0.090220
955 -0.748312 -0.137183 0.296271 0.577437
956 -0.859250 -0.194972 0.334318 0.334524
957 0.455774 0.207184 0.110459 0.858571
958 0.180117 0.094367 0.039694 0.978303
959 -0.079966 0.051272 0.086344 0.991726
960 -0.007722 0.170173 0.221756 0.960107
961 -0.142986 0.167533 0.133090 0.966320
962 -0.618826 0.039034 0.364005 0.695004
963 -0.258770 0.021915 0.137646 0.955830
964 0.706301 0.314744 -0.004121 0.634080
965 -0.878707 -0.060992 0.281865 0.380403
966 0.610661 0.188470 0.157120 0.752918
967 0.662953 0.245912 0.032518 0.706374
968 -0.725312 -0.083691 0.127002 0.671408
969 -0.018705 0.019648 0.093452 0.995254
970 -0.941740 -0.218435 0.239970 0.088469
971 -0.974781 -0.105870 0.147099 0.130211
972 0.775639 0.085701 0.022665 0.624921
973 -0.513789 0.067309 0.123091 0.846368
974 -0.232402 0.115093 0.272644 0.926503
975 -0.786547 -0.135389 0.285062 0.530805
976 -0.023871 0.055472 0.093825 0.993755
977 0.778973 0.187616 0.027557 0.597697
978 0.756689 0.325816 0.071300 0.562301
979 0.149557 0.109893 0.036810 0.981937
980 -0.246362 0.146943 0.250804 0.924560
981 -0.686873 0.077595 0.368010 0.621895
982 -0.988405 -0.000294 0.078521 0.129965
983 -0.071206 0.260619 0.280161 0.921150
984 0.008901 0.311799 0.316144 0.895966
985 -0.972126 -0.075274 0.175499 0.136032
986 0.504028 0.180231 0.115521 0.836736
987 -0.632194 -0.027124 0.304517 0.711944
988 0.146243 0.098559 0.151296 0.972630
989 -0.188957 0.066654 0.034622 0.979109
990 -0.804547 0.065584 0.207014 0.552763
991 -0.173244 0.154797 0.237269 0.943254
992 0.817479 0.059870 0.017567 0.572569
993 0.035303 0.067958 0.081639 0.993715
994 0.452190 0.237041 0.104029 0.853530
995 -0.757537 0.018807 0.081831 0.647370
996 -0.583839 -0.037856 0.069224 0.808027
997 -0.341977 0.112178 0.220516 0.906555
998 -0.060647 0.218492 0.203730 0.952406
999 0.083188 0.249933 0.174524 0.948765
1000 -0.158095 0.121335 0.335880 0.920580
1001 -0.972326 -0.076658 0.152898 -0.159147
1002 0.020617 0.211458 0.137750 0.967412
1003 0.790029 0.216178 0.030511 0.572879
1004 -0.934983 -0.038226 0.128850 0.328242
1005 -0.947658 -0.234956 0.212832 0.037990
1006 0.744293 0.072972 0.028728 0.663233
1007 0.756294 0.307913 0.056810 0.574440
1008 0.282148 0.208086 0.194349 0.916145
1009 -0.859260 -0.125019 0.257315 0.424065
1010 0.274275 0.311114 0.208398 0.885749
1011 -0.130798 0.220649 0.289697 0.922107
1012 -0.742170 -0.019886 0.322802 0.587015
1013 -0.827627 -0.020302 0.145244 0.541780
