# step penetration_um force vm_avg vm_max vm_min vm_std vm_contact_avg vm_contact_max nb_contact_cells
1.000000e+00 1.000000e-01 1.438118e+01 1.221361e-03 8.822500e-01 1.575559e-06 1.424359e-02 8.822488e-01 8.822500e-01 4.000000e+00
2.000000e+00 2.000000e-01 2.876160e+01 2.442672e-03 1.764461e+00 3.151021e-06 2.848659e-02 1.764459e+00 1.764461e+00 4.000000e+00
3.000000e+00 3.000000e-01 4.314124e+01 3.663935e-03 2.646633e+00 4.726394e-06 4.272902e-02 2.646630e+00 2.646633e+00 4.000000e+00
4.000000e+00 4.000000e-01 5.752012e+01 4.885148e-03 3.528766e+00 6.301674e-06 5.697087e-02 3.528761e+00 3.528766e+00 4.000000e+00
5.000000e+00 5.000000e-01 7.189822e+01 6.106311e-03 4.410860e+00 7.876869e-06 7.121214e-02 4.410854e+00 4.410860e+00 4.000000e+00
6.000000e+00 6.000000e-01 8.627556e+01 7.327425e-03 5.292915e+00 9.451966e-06 8.545283e-02 5.292908e+00 5.292915e+00 4.000000e+00
7.000000e+00 7.000000e-01 1.006521e+02 8.548491e-03 6.174931e+00 1.102697e-05 9.969294e-02 6.174923e+00 6.174931e+00 4.000000e+00
8.000000e+00 8.000000e-01 1.150279e+02 9.769506e-03 7.056908e+00 1.260189e-05 1.139325e-01 7.056899e+00 7.056908e+00 4.000000e+00
9.000000e+00 9.000000e-01 1.294030e+02 1.099047e-02 7.938847e+00 1.417671e-05 1.281714e-01 7.938836e+00 7.938847e+00 4.000000e+00
1.000000e+01 1.000000e+00 1.437772e+02 1.221139e-02 8.820746e+00 1.575145e-05 1.424098e-01 8.820734e+00 8.820746e+00 4.000000e+00
1.100000e+01 1.100000e+00 1.581507e+02 1.343226e-02 9.702606e+00 1.732609e-05 1.566476e-01 9.702594e+00 9.702606e+00 4.000000e+00
1.200000e+01 1.200000e+00 1.725234e+02 1.465308e-02 1.058443e+01 1.890065e-05 1.708848e-01 1.058441e+01 1.058443e+01 4.000000e+00
1.300000e+01 1.300000e+00 1.868954e+02 1.587385e-02 1.146621e+01 2.047510e-05 1.851214e-01 1.146619e+01 1.146621e+01 4.000000e+00
1.400000e+01 1.400000e+00 2.012666e+02 1.709457e-02 1.234795e+01 2.204948e-05 1.993575e-01 1.234794e+01 1.234795e+01 4.000000e+00
1.500000e+01 1.500000e+00 2.156370e+02 1.831524e-02 1.322966e+01 2.362375e-05 2.135930e-01 1.322964e+01 1.322966e+01 4.000000e+00
1.600000e+01 1.600000e+00 2.300066e+02 1.953586e-02 1.411132e+01 2.519794e-05 2.278279e-01 1.411131e+01 1.411132e+01 4.000000e+00
1.700000e+01 1.700000e+00 2.443755e+02 2.075643e-02 1.499295e+01 2.677204e-05 2.420622e-01 1.499293e+01 1.499295e+01 4.000000e+00
1.800000e+01 1.800000e+00 2.587436e+02 2.197695e-02 1.587454e+01 2.834604e-05 2.562959e-01 1.587452e+01 1.587454e+01 4.000000e+00
1.900000e+01 1.900000e+00 2.731110e+02 2.319743e-02 1.675609e+01 2.991996e-05 2.705291e-01 1.675607e+01 1.675609e+01 4.000000e+00
2.000000e+01 2.000000e+00 2.874776e+02 2.441785e-02 1.763760e+01 3.149378e-05 2.847617e-01 1.763757e+01 1.763760e+01 4.000000e+00
2.100000e+01 2.100000e+00 3.018434e+02 2.563823e-02 1.851907e+01 3.306750e-05 2.989937e-01 1.851904e+01 1.851907e+01 4.000000e+00
2.200000e+01 2.200000e+00 3.162084e+02 2.685856e-02 1.940050e+01 3.464115e-05 3.132251e-01 1.940048e+01 1.940050e+01 4.000000e+00
2.300000e+01 2.300000e+00 3.305727e+02 2.807883e-02 2.028189e+01 3.621470e-05 3.274560e-01 2.028187e+01 2.028189e+01 4.000000e+00
2.400000e+01 2.400000e+00 3.449362e+02 2.929906e-02 2.116325e+01 3.778816e-05 3.416862e-01 2.116322e+01 2.116325e+01 4.000000e+00
2.500000e+01 2.500000e+00 3.592989e+02 3.051924e-02 2.204456e+01 3.936153e-05 3.559159e-01 2.204454e+01 2.204456e+01 4.000000e+00
2.600000e+01 2.600000e+00 3.736609e+02 3.173937e-02 2.292584e+01 4.093480e-05 3.701451e-01 2.292581e+01 2.292584e+01 4.000000e+00
2.700000e+01 2.700000e+00 3.880221e+02 3.295945e-02 2.380708e+01 4.250798e-05 3.843736e-01 2.380705e+01 2.380708e+01 4.000000e+00
2.800000e+01 2.800000e+00 4.023825e+02 3.417948e-02 2.468828e+01 4.408108e-05 3.986016e-01 2.468825e+01 2.468828e+01 4.000000e+00
2.900000e+01 2.900000e+00 4.167422e+02 3.539946e-02 2.556944e+01 4.565408e-05 4.128289e-01 2.556940e+01 2.556944e+01 4.000000e+00
3.000000e+01 3.000000e+00 4.311011e+02 3.661940e-02 2.645056e+01 4.722699e-05 4.270557e-01 2.645052e+01 2.645056e+01 4.000000e+00
3.100000e+01 3.100000e+00 4.454592e+02 3.783928e-02 2.733164e+01 4.879980e-05 4.412820e-01 2.733161e+01 2.733164e+01 4.000000e+00
3.200000e+01 3.200000e+00 4.598166e+02 3.905911e-02 2.821268e+01 5.037254e-05 4.555076e-01 2.821265e+01 2.821268e+01 4.000000e+00
3.300000e+01 3.300000e+00 4.741732e+02 4.027890e-02 2.909369e+01 5.194518e-05 4.697327e-01 2.909365e+01 2.909369e+01 4.000000e+00
3.400000e+01 3.400000e+00 4.885290e+02 4.149864e-02 2.997466e+01 5.351772e-05 4.839572e-01 2.997462e+01 2.997466e+01 4.000000e+00
3.500000e+01 3.500000e+00 5.028841e+02 4.271832e-02 3.085558e+01 5.509018e-05 4.981811e-01 3.085554e+01 3.085558e+01 4.000000e+00
3.600000e+01 3.600000e+00 5.172384e+02 4.393796e-02 3.173647e+01 5.666254e-05 5.124045e-01 3.173643e+01 3.173647e+01 4.000000e+00
3.700000e+01 3.700000e+00 5.315919e+02 4.515755e-02 3.261732e+01 5.823481e-05 5.266272e-01 3.261728e+01 3.261732e+01 4.000000e+00
3.800000e+01 3.800000e+00 5.459447e+02 4.637709e-02 3.349813e+01 5.980700e-05 5.408494e-01 3.349809e+01 3.349813e+01 4.000000e+00
3.900000e+01 3.900000e+00 5.602967e+02 4.759658e-02 3.437890e+01 6.137909e-05 5.550710e-01 3.437886e+01 3.437890e+01 4.000000e+00
4.000000e+01 4.000000e+00 5.746479e+02 4.881602e-02 3.525964e+01 6.295109e-05 5.692921e-01 3.525959e+01 3.525964e+01 4.000000e+00
4.100000e+01 4.100000e+00 5.889984e+02 5.003541e-02 3.614033e+01 6.452299e-05 5.835125e-01 3.614028e+01 3.614033e+01 4.000000e+00
4.200000e+01 4.200000e+00 6.033481e+02 5.125476e-02 3.702099e+01 6.609481e-05 5.977324e-01 3.702094e+01 3.702099e+01 4.000000e+00
4.300000e+01 4.300000e+00 6.176970e+02 5.247405e-02 3.790160e+01 6.766654e-05 6.119517e-01 3.790155e+01 3.790160e+01 4.000000e+00
4.400000e+01 4.400000e+00 6.320452e+02 5.369330e-02 3.878218e+01 6.923818e-05 6.261705e-01 3.878213e+01 3.878218e+01 4.000000e+00
4.500000e+01 4.500000e+00 6.463926e+02 5.491249e-02 3.966272e+01 7.080972e-05 6.403886e-01 3.966267e+01 3.966272e+01 4.000000e+00
4.600000e+01 4.600000e+00 6.607392e+02 5.613164e-02 4.054322e+01 7.238118e-05 6.546062e-01 4.054317e+01 4.054322e+01 4.000000e+00
4.700000e+01 4.700000e+00 6.750851e+02 5.735074e-02 4.142368e+01 7.395254e-05 6.688232e-01 4.142363e+01 4.142368e+01 4.000000e+00
4.800000e+01 4.800000e+00 6.894302e+02 5.856979e-02 4.230411e+01 7.552381e-05 6.830396e-01 4.230405e+01 4.230411e+01 4.000000e+00
4.900000e+01 4.900000e+00 7.037745e+02 5.978879e-02 4.318449e+01 7.709499e-05 6.972555e-01 4.318444e+01 4.318449e+01 4.000000e+00
5.000000e+01 5.000000e+00 7.181181e+02 6.100774e-02 4.406484e+01 7.866608e-05 7.114707e-01 4.406478e+01 4.406484e+01 4.000000e+00
5.100000e+01 5.100000e+00 7.324609e+02 6.222664e-02 4.494514e+01 8.023708e-05 7.256854e-01 4.494509e+01 4.494514e+01 4.000000e+00
5.200000e+01 5.200000e+00 7.468029e+02 6.344549e-02 4.582541e+01 8.180799e-05 7.398996e-01 4.582535e+01 4.582541e+01 4.000000e+00
5.300000e+01 5.300000e+00 7.611442e+02 6.466429e-02 4.670564e+01 8.337880e-05 7.541131e-01 4.670558e+01 4.670564e+01 4.000000e+00
5.400000e+01 5.400000e+00 7.754847e+02 6.588305e-02 4.758583e+01 8.494953e-05 7.683261e-01 4.758577e+01 4.758583e+01 4.000000e+00
5.500000e+01 5.500000e+00 7.898244e+02 6.710175e-02 4.846598e+01 8.652016e-05 7.825385e-01 4.846592e+01 4.846598e+01 4.000000e+00
5.600000e+01 5.600000e+00 8.041634e+02 6.832041e-02 4.934610e+01 8.809070e-05 7.967503e-01 4.934603e+01 4.934610e+01 4.000000e+00
5.700000e+01 5.700000e+00 8.185016e+02 6.953902e-02 5.022617e+01 8.966116e-05 8.109615e-01 5.022611e+01 5.022617e+01 4.000000e+00
5.800000e+01 5.800000e+00 8.328390e+02 7.075758e-02 5.110621e+01 9.123152e-05 8.251722e-01 5.110614e+01 5.110621e+01 4.000000e+00
5.900000e+01 5.900000e+00 8.471757e+02 7.197609e-02 5.198620e+01 9.280179e-05 8.393823e-01 5.198614e+01 5.198620e+01 4.000000e+00
6.000000e+01 6.000000e+00 8.615116e+02 7.319454e-02 5.286616e+01 9.437197e-05 8.535918e-01 5.286609e+01 5.286616e+01 4.000000e+00
6.100000e+01 6.100000e+00 8.758466e+02 7.441294e-02 5.374608e+01 9.594204e-05 8.678006e-01 5.374601e+01 5.374608e+01 4.000000e+00
6.200000e+01 6.200000e+00 8.901798e+02 7.563121e-02 5.462598e+01 9.751191e-05 8.820081e-01 5.462584e+01 5.462598e+01 4.000000e+00
6.300000e+01 6.300000e+00 9.045059e+02 7.684891e-02 5.550592e+01 9.908063e-05 8.962098e-01 5.550534e+01 5.550592e+01 4.000000e+00
6.400000e+01 6.400000e+00 9.187931e+02 7.806343e-02 5.638634e+01 1.006428e-04 9.103801e-01 5.638310e+01 5.638634e+01 4.000000e+00
6.500000e+01 6.500000e+00 9.329197e+02 7.926480e-02 5.726887e+01 1.021783e-04 9.244206e-01 5.725365e+01 5.726887e+01 4.000000e+00
6.600000e+01 6.600000e+00 9.467275e+02 8.044005e-02 5.815548e+01 1.036608e-04 9.382037e-01 5.810991e+01 5.815548e+01 4.000000e+00
6.700000e+01 6.700000e+00 9.602448e+02 8.159157e-02 5.904467e+01 1.050955e-04 9.517534e-01 5.895315e+01 5.904467e+01 4.000000e+00
6.800000e+01 6.800000e+00 9.735758e+02 8.272820e-02 5.992863e+01 1.065021e-04 9.651539e-01 5.978789e+01 5.992863e+01 4.000000e+00
6.900000e+01 6.900000e+00 9.866917e+02 8.384869e-02 6.081403e+01 1.078854e-04 9.783788e-01 6.061220e+01 6.081403e+01 4.000000e+00
7.000000e+01 7.000000e+00 9.994276e+02 8.494158e-02 6.168493e+01 1.092325e-04 9.912891e-01 6.141755e+01 6.168493e+01 4.000000e+00
7.100000e+01 7.100000e+00 1.011675e+03 8.599960e-02 6.256323e+01 1.105284e-04 1.003793e+00 6.219825e+01 6.256323e+01 4.000000e+00
7.200000e+01 7.200000e+00 1.023483e+03 8.702652e-02 6.345575e+01 1.117735e-04 1.015931e+00 6.295653e+01 6.345575e+01 4.000000e+00
7.300000e+01 7.300000e+00 1.035021e+03 8.803453e-02 6.435017e+01 1.129858e-04 1.027845e+00 6.370112e+01 6.435017e+01 4.000000e+00
7.400000e+01 7.400000e+00 1.046434e+03 8.903384e-02 6.524541e+01 1.141827e-04 1.039659e+00 6.443944e+01 6.524541e+01 4.000000e+00
7.500000e+01 7.500000e+00 1.057797e+03 9.002962e-02 6.614084e+01 1.153732e-04 1.051433e+00 6.517528e+01 6.614084e+01 4.000000e+00
7.600000e+01 7.600000e+00 1.069136e+03 9.102382e-02 6.703573e+01 1.165612e-04 1.063191e+00 6.591010e+01 6.703573e+01 4.000000e+00
7.700000e+01 7.700000e+00 1.080452e+03 9.201618e-02 6.792760e+01 1.177474e-04 1.074934e+00 6.664395e+01 6.792760e+01 4.000000e+00
7.800000e+01 7.800000e+00 1.091701e+03 9.300289e-02 6.880736e+01 1.189298e-04 1.086624e+00 6.737501e+01 6.880736e+01 4.000000e+00
7.900000e+01 7.900000e+00 1.102785e+03 9.397552e-02 6.965626e+01 1.201037e-04 1.098184e+00 6.809914e+01 6.965626e+01 4.000000e+00
8.000000e+01 8.000000e+00 1.113649e+03 9.492946e-02 7.046422e+01 1.212662e-04 1.109568e+00 6.881401e+01 7.046422e+01 4.000000e+00
8.100000e+01 8.100000e+00 1.124348e+03 9.586932e-02 7.124156e+01 1.224203e-04 1.120819e+00 6.952187e+01 7.124156e+01 4.000000e+00
8.200000e+01 8.200000e+00 1.134953e+03 9.680151e-02 7.200234e+01 1.235698e-04 1.131996e+00 7.022578e+01 7.200234e+01 4.000000e+00
8.300000e+01 8.300000e+00 1.145507e+03 9.772972e-02 7.275449e+01 1.247172e-04 1.143132e+00 7.092735e+01 7.275449e+01 4.000000e+00
8.400000e+01 8.400000e+00 1.156019e+03 9.865525e-02 7.350049e+01 1.258638e-04 1.154235e+00 7.162687e+01 7.350049e+01 4.000000e+00
8.500000e+01 8.500000e+00 1.166485e+03 9.957808e-02 7.423974e+01 1.270102e-04 1.165299e+00 7.232380e+01 7.423974e+01 4.000000e+00
8.600000e+01 8.600000e+00 1.176893e+03 1.004977e-01 7.497055e+01 1.281569e-04 1.176313e+00 7.301734e+01 7.497055e+01 4.000000e+00
8.700000e+01 8.700000e+00 1.187236e+03 1.014139e-01 7.569187e+01 1.293042e-04 1.187271e+00 7.370700e+01 7.569187e+01 4.000000e+00
8.800000e+01 8.800000e+00 1.197518e+03 1.023269e-01 7.640428e+01 1.304521e-04 1.198174e+00 7.439291e+01 7.640428e+01 4.000000e+00
8.900000e+01 8.900000e+00 1.207747e+03 1.032371e-01 7.710961e+01 1.316000e-04 1.209032e+00 7.507561e+01 7.710961e+01 4.000000e+00
9.000000e+01 9.000000e+00 1.217927e+03 1.041445e-01 7.781004e+01 1.327455e-04 1.219845e+00 7.575523e+01 7.781004e+01 4.000000e+00
9.100000e+01 9.100000e+00 1.228029e+03 1.050464e-01 7.850733e+01 1.338810e-04 1.230588e+00 7.643022e+01 7.850733e+01 4.000000e+00
9.200000e+01 9.200000e+00 1.237995e+03 1.059375e-01 7.920273e+01 1.349938e-04 1.241205e+00 7.709712e+01 7.920273e+01 4.000000e+00
9.300000e+01 9.300000e+00 1.247792e+03 1.068150e-01 7.989697e+01 1.360771e-04 1.251668e+00 7.775424e+01 7.989697e+01 4.000000e+00
9.400000e+01 9.400000e+00 1.257451e+03 1.076813e-01 8.059053e+01 1.371352e-04 1.262006e+00 7.840345e+01 8.059053e+01 4.000000e+00
9.500000e+01 9.500000e+00 1.266991e+03 1.085378e-01 8.128357e+01 1.381706e-04 1.272243e+00 7.904647e+01 8.128357e+01 4.000000e+00
9.600000e+01 9.600000e+00 1.276368e+03 1.093802e-01 8.197603e+01 1.391722e-04 1.282347e+00 7.968181e+01 8.197603e+01 4.000000e+00
9.700000e+01 9.700000e+00 1.285494e+03 1.102003e-01 8.266786e+01 1.401219e-04 1.292248e+00 8.030579e+01 8.266786e+01 4.000000e+00
9.800000e+01 9.800000e+00 1.294321e+03 1.109937e-01 8.335923e+01 1.410131e-04 1.301909e+00 8.091647e+01 8.335923e+01 4.000000e+00
9.900000e+01 9.900000e+00 1.302893e+03 1.117643e-01 8.405037e+01 1.418562e-04 1.311364e+00 8.151573e+01 8.405037e+01 4.000000e+00
1.000000e+02 1.000000e+01 1.311298e+03 1.125203e-01 8.474135e+01 1.426692e-04 1.320684e+00 8.210730e+01 8.474135e+01 4.000000e+00
