# step penetration_um vm_avg vm_max vm_contact_avg vm_contact_max
1.000000e+00 1.000000e-01 1.221361e-03 8.822500e-01 8.822488e-01 8.822500e-01
2.000000e+00 2.000000e-01 2.442672e-03 1.764461e+00 1.764459e+00 1.764461e+00
3.000000e+00 3.000000e-01 3.663935e-03 2.646633e+00 2.646630e+00 2.646633e+00
4.000000e+00 4.000000e-01 4.885148e-03 3.528766e+00 3.528761e+00 3.528766e+00
5.000000e+00 5.000000e-01 6.106311e-03 4.410860e+00 4.410854e+00 4.410860e+00
6.000000e+00 6.000000e-01 7.327425e-03 5.292915e+00 5.292908e+00 5.292915e+00
7.000000e+00 7.000000e-01 8.548491e-03 6.174931e+00 6.174923e+00 6.174931e+00
8.000000e+00 8.000000e-01 9.769506e-03 7.056908e+00 7.056899e+00 7.056908e+00
9.000000e+00 9.000000e-01 1.099047e-02 7.938847e+00 7.938836e+00 7.938847e+00
1.000000e+01 1.000000e+00 1.221139e-02 8.820746e+00 8.820734e+00 8.820746e+00
1.100000e+01 1.100000e+00 1.343226e-02 9.702606e+00 9.702594e+00 9.702606e+00
1.200000e+01 1.200000e+00 1.465308e-02 1.058443e+01 1.058441e+01 1.058443e+01
1.300000e+01 1.300000e+00 1.587385e-02 1.146621e+01 1.146619e+01 1.146621e+01
1.400000e+01 1.400000e+00 1.709457e-02 1.234795e+01 1.234794e+01 1.234795e+01
1.500000e+01 1.500000e+00 1.831524e-02 1.322966e+01 1.322964e+01 1.322966e+01
1.600000e+01 1.600000e+00 1.953586e-02 1.411132e+01 1.411131e+01 1.411132e+01
1.700000e+01 1.700000e+00 2.075643e-02 1.499295e+01 1.499293e+01 1.499295e+01
1.800000e+01 1.800000e+00 2.197695e-02 1.587454e+01 1.587452e+01 1.587454e+01
1.900000e+01 1.900000e+00 2.319743e-02 1.675609e+01 1.675607e+01 1.675609e+01
2.000000e+01 2.000000e+00 2.441785e-02 1.763760e+01 1.763757e+01 1.763760e+01
2.100000e+01 2.100000e+00 2.563823e-02 1.851907e+01 1.851904e+01 1.851907e+01
2.200000e+01 2.200000e+00 2.685856e-02 1.940050e+01 1.940048e+01 1.940050e+01
2.300000e+01 2.300000e+00 2.807883e-02 2.028189e+01 2.028187e+01 2.028189e+01
2.400000e+01 2.400000e+00 2.929906e-02 2.116325e+01 2.116322e+01 2.116325e+01
2.500000e+01 2.500000e+00 3.051924e-02 2.204456e+01 2.204454e+01 2.204456e+01
2.600000e+01 2.600000e+00 3.173937e-02 2.292584e+01 2.292581e+01 2.292584e+01
2.700000e+01 2.700000e+00 3.295945e-02 2.380708e+01 2.380705e+01 2.380708e+01
2.800000e+01 2.800000e+00 3.417948e-02 2.468828e+01 2.468825e+01 2.468828e+01
2.900000e+01 2.900000e+00 3.539946e-02 2.556944e+01 2.556940e+01 2.556944e+01
3.000000e+01 3.000000e+00 3.661940e-02 2.645056e+01 2.645052e+01 2.645056e+01
3.100000e+01 3.100000e+00 3.783928e-02 2.733164e+01 2.733161e+01 2.733164e+01
3.200000e+01 3.200000e+00 3.905911e-02 2.821268e+01 2.821265e+01 2.821268e+01
3.300000e+01 3.300000e+00 4.027890e-02 2.909369e+01 2.909365e+01 2.909369e+01
3.400000e+01 3.400000e+00 4.149864e-02 2.997466e+01 2.997462e+01 2.997466e+01
3.500000e+01 3.500000e+00 4.271832e-02 3.085558e+01 3.085554e+01 3.085558e+01
3.600000e+01 3.600000e+00 4.393796e-02 3.173647e+01 3.173643e+01 3.173647e+01
3.700000e+01 3.700000e+00 4.515755e-02 3.261732e+01 3.261728e+01 3.261732e+01
3.800000e+01 3.800000e+00 4.637709e-02 3.349813e+01 3.349809e+01 3.349813e+01
3.900000e+01 3.900000e+00 4.759658e-02 3.437890e+01 3.437886e+01 3.437890e+01
4.000000e+01 4.000000e+00 4.881602e-02 3.525964e+01 3.525959e+01 3.525964e+01
4.100000e+01 4.100000e+00 5.003541e-02 3.614033e+01 3.614028e+01 3.614033e+01
4.200000e+01 4.200000e+00 5.125476e-02 3.702099e+01 3.702094e+01 3.702099e+01
4.300000e+01 4.300000e+00 5.247405e-02 3.790160e+01 3.790155e+01 3.790160e+01
4.400000e+01 4.400000e+00 5.369330e-02 3.878218e+01 3.878213e+01 3.878218e+01
4.500000e+01 4.500000e+00 5.491249e-02 3.966272e+01 3.966267e+01 3.966272e+01
4.600000e+01 4.600000e+00 5.613164e-02 4.054322e+01 4.054317e+01 4.054322e+01
4.700000e+01 4.700000e+00 5.735074e-02 4.142368e+01 4.142363e+01 4.142368e+01
4.800000e+01 4.800000e+00 5.856979e-02 4.230411e+01 4.230405e+01 4.230411e+01
4.900000e+01 4.900000e+00 5.978879e-02 4.318449e+01 4.318444e+01 4.318449e+01
5.000000e+01 5.000000e+00 6.100774e-02 4.406484e+01 4.406478e+01 4.406484e+01
5.100000e+01 5.100000e+00 6.222664e-02 4.494514e+01 4.494509e+01 4.494514e+01
5.200000e+01 5.200000e+00 6.344549e-02 4.582541e+01 4.582535e+01 4.582541e+01
5.300000e+01 5.300000e+00 6.466429e-02 4.670564e+01 4.670558e+01 4.670564e+01
5.400000e+01 5.400000e+00 6.588305e-02 4.758583e+01 4.758577e+01 4.758583e+01
5.500000e+01 5.500000e+00 6.710175e-02 4.846598e+01 4.846592e+01 4.846598e+01
5.600000e+01 5.600000e+00 6.832041e-02 4.934610e+01 4.934603e+01 4.934610e+01
5.700000e+01 5.700000e+00 6.953902e-02 5.022617e+01 5.022611e+01 5.022617e+01
5.800000e+01 5.800000e+00 7.075758e-02 5.110621e+01 5.110614e+01 5.110621e+01
5.900000e+01 5.900000e+00 7.197609e-02 5.198620e+01 5.198614e+01 5.198620e+01
6.000000e+01 6.000000e+00 7.319454e-02 5.286616e+01 5.286609e+01 5.286616e+01
6.100000e+01 6.100000e+00 7.441294e-02 5.374608e+01 5.374601e+01 5.374608e+01
6.200000e+01 6.200000e+00 7.563121e-02 5.462598e+01 5.462584e+01 5.462598e+01
6.300000e+01 6.300000e+00 7.684891e-02 5.550592e+01 5.550534e+01 5.550592e+01
6.400000e+01 6.400000e+00 7.806343e-02 5.638634e+01 5.638310e+01 5.638634e+01
6.500000e+01 6.500000e+00 7.926480e-02 5.726887e+01 5.725365e+01 5.726887e+01
6.600000e+01 6.600000e+00 8.044005e-02 5.815548e+01 5.810991e+01 5.815548e+01
6.700000e+01 6.700000e+00 8.159157e-02 5.904467e+01 5.895315e+01 5.904467e+01
6.800000e+01 6.800000e+00 8.272820e-02 5.992863e+01 5.978789e+01 5.992863e+01
6.900000e+01 6.900000e+00 8.384869e-02 6.081403e+01 6.061220e+01 6.081403e+01
7.000000e+01 7.000000e+00 8.494158e-02 6.168493e+01 6.141755e+01 6.168493e+01
7.100000e+01 7.100000e+00 8.599960e-02 6.256323e+01 6.219825e+01 6.256323e+01
7.200000e+01 7.200000e+00 8.702652e-02 6.345575e+01 6.295653e+01 6.345575e+01
7.300000e+01 7.300000e+00 8.803453e-02 6.435017e+01 6.370112e+01 6.435017e+01
7.400000e+01 7.400000e+00 8.903384e-02 6.524541e+01 6.443944e+01 6.524541e+01
7.500000e+01 7.500000e+00 9.002962e-02 6.614084e+01 6.517528e+01 6.614084e+01
7.600000e+01 7.600000e+00 9.102382e-02 6.703573e+01 6.591010e+01 6.703573e+01
7.700000e+01 7.700000e+00 9.201618e-02 6.792760e+01 6.664395e+01 6.792760e+01
7.800000e+01 7.800000e+00 9.300289e-02 6.880736e+01 6.737501e+01 6.880736e+01
7.900000e+01 7.900000e+00 9.397552e-02 6.965626e+01 6.809914e+01 6.965626e+01
8.000000e+01 8.000000e+00 9.492946e-02 7.046422e+01 6.881401e+01 7.046422e+01
8.100000e+01 8.100000e+00 9.586932e-02 7.124156e+01 6.952187e+01 7.124156e+01
8.200000e+01 8.200000e+00 9.680151e-02 7.200234e+01 7.022578e+01 7.200234e+01
8.300000e+01 8.300000e+00 9.772972e-02 7.275449e+01 7.092735e+01 7.275449e+01
8.400000e+01 8.400000e+00 9.865525e-02 7.350049e+01 7.162687e+01 7.350049e+01
8.500000e+01 8.500000e+00 9.957808e-02 7.423974e+01 7.232380e+01 7.423974e+01
8.600000e+01 8.600000e+00 1.004977e-01 7.497055e+01 7.301734e+01 7.497055e+01
8.700000e+01 8.700000e+00 1.014139e-01 7.569187e+01 7.370700e+01 7.569187e+01
8.800000e+01 8.800000e+00 1.023269e-01 7.640428e+01 7.439291e+01 7.640428e+01
8.900000e+01 8.900000e+00 1.032371e-01 7.710961e+01 7.507561e+01 7.710961e+01
9.000000e+01 9.000000e+00 1.041445e-01 7.781004e+01 7.575523e+01 7.781004e+01
9.100000e+01 9.100000e+00 1.050464e-01 7.850733e+01 7.643022e+01 7.850733e+01
9.200000e+01 9.200000e+00 1.059375e-01 7.920273e+01 7.709712e+01 7.920273e+01
9.300000e+01 9.300000e+00 1.068150e-01 7.989697e+01 7.775424e+01 7.989697e+01
9.400000e+01 9.400000e+00 1.076813e-01 8.059053e+01 7.840345e+01 8.059053e+01
9.500000e+01 9.500000e+00 1.085378e-01 8.128357e+01 7.904647e+01 8.128357e+01
9.600000e+01 9.600000e+00 1.093802e-01 8.197603e+01 7.968181e+01 8.197603e+01
9.700000e+01 9.700000e+00 1.102003e-01 8.266786e+01 8.030579e+01 8.266786e+01
9.800000e+01 9.800000e+00 1.109937e-01 8.335923e+01 8.091647e+01 8.335923e+01
9.900000e+01 9.900000e+00 1.117643e-01 8.405037e+01 8.151573e+01 8.405037e+01
1.000000e+02 1.000000e+01 1.125203e-01 8.474135e+01 8.210730e+01 8.474135e+01
